-237502.747   203.791     0.00   17.04
-237213.530   204.081     1.01   15.42
-236924.312   203.193    -3.07   13.61
-236635.093   204.114     3.18   12.22
-236345.873   205.676     5.40   11.95
-236056.652   208.368     9.31   11.70
-235767.430   212.111    12.94   12.70
-235478.206   214.300     7.57   11.91
-235188.982   214.761     1.59   11.09
-234899.757   216.068     4.52   10.80
-234610.531   217.266     4.14   10.14
-234321.304   216.806    -1.59   10.76
-234032.076   215.428    -4.76   10.60
-233742.846   214.683    -2.58   10.74
-233453.616   215.610     3.21   11.62
-233164.385   216.245     2.19   11.76
-232875.152   219.801    12.29   11.47
-232585.919   220.993     4.12   11.23
-232296.685   220.910    -0.29   10.52
-232007.449   221.578     2.31    9.61
-231718.213   218.910    -9.23   10.67
-231428.975   218.151    -2.62   10.48
-231139.736   218.538     1.34   10.72
-230850.497   216.978    -5.39   10.41
-230561.256   214.558    -8.37   11.48
-230272.014   211.775    -9.62   12.35
-229982.772   207.783   -13.80   11.51
-229693.528   205.910    -6.47   12.01
-229404.283   202.944   -10.26   10.50
-229115.037   201.912    -3.57   10.04
-228825.790   200.254    -5.73    9.85
-228536.542   201.375     3.87    9.91
-228247.293   202.203     2.86    9.53
-227958.043   201.382    -2.84    8.89
-227668.792   201.795     1.43    8.05
-227379.539   200.249    -5.34    8.52
-227090.286   197.074   -10.98    8.92
-226801.032   194.926    -7.43    9.15
-226511.776   192.651    -7.87    9.58
-226222.520   192.109    -1.87   11.14
-225933.262   191.571    -1.86   11.79
-225644.004   189.445    -7.35   12.77
-225354.744   186.417   -10.47   12.56
-225065.483   185.392    -3.54   12.87
-224776.221   184.272    -3.87   13.88
-224486.958   181.030   -11.21   14.00
-224197.694   177.699   -11.52   12.11
-223908.429   176.461    -4.28   11.92
-223619.163   174.995    -5.07   10.96
-223329.896   172.747    -7.77   10.38
-223040.628   172.063    -2.36    9.50
-222751.358   172.461     1.38    9.47
-222462.088   172.300    -0.56    8.66
-222172.817   174.893     8.96   11.82
-221883.544   175.289     1.37   11.89
-221594.270   176.030     2.56   11.67
-221304.996   176.428     1.37   11.50
-221015.720   175.809    -2.14   11.80
-220726.443   176.655     2.92   12.07
-220437.165   175.926    -2.52   10.28
-220147.886   177.045     3.87   10.37
-219858.605   177.856     2.80   10.13
-219569.324   177.338    -1.79    9.98
-219280.042   176.011    -4.59    9.32
-218990.758   175.410    -2.08    9.34
-218701.474   174.097    -4.54   10.01
-218412.188   172.729    -4.73    9.67
-218122.901   172.145    -2.02    9.46
-217833.613   171.588    -1.92    9.02
-217544.324   170.848    -2.56    8.68
-217255.034   171.351     1.74    8.38
-216965.743   171.497     0.50    8.50
-216676.451   169.639    -6.42    8.13
-216387.157   170.185     1.89    8.05
-216097.863   168.811    -4.75    8.59
-215808.567   167.945    -3.00    8.92
-215519.271   166.716    -4.25   10.08
-215229.973   166.823     0.37   10.51
-214940.674   164.668    -7.45   10.55
-214651.374   165.207     1.86   10.99
-214362.073   164.496    -2.46   10.60
-214072.770   165.511     3.51   10.20
-213783.467   166.410     3.10   10.25
-213494.162   167.996     5.48    8.03
-213204.857   168.551     1.92    7.51
-212915.550   168.578     0.09    8.02
-212626.242   167.715    -2.98    8.28
-212336.933   166.336    -4.77    8.25
-212047.623   166.185    -0.52    8.52
-211758.312   166.368     0.63    9.56
-211468.999   165.444    -3.19    9.89
-211179.686   165.109    -1.16   10.02
-210890.371   163.892    -4.20   10.45
-210601.055   164.082     0.66   11.12
-210311.738   161.435    -9.15   11.15
-210022.420   160.695    -2.56   10.69
-209733.101   158.895    -6.22   10.50
-209443.781   157.910    -3.40   10.20
-209154.459   156.011    -6.56    8.68
-208865.137   153.872    -7.39    7.92
-208575.813   154.341     1.62    8.01
-208286.488   154.178    -0.56    8.08
-207997.162   152.995    -4.09    8.21
-207707.835   150.896    -7.26    9.01
-207418.506   149.140    -6.07    9.20
-207129.177   149.199     0.20    8.53
-206839.846   149.605     1.41    9.73
-206550.515   150.845     4.28   10.26
-206261.182   152.437     5.50   10.44
-205971.848   154.530     7.24   10.87
-205682.512   158.345    13.18    9.23
-205393.176   159.390     3.61    9.43
-205103.838   159.158    -0.80    9.48
-204814.500   158.232    -3.20   10.38
-204525.160   156.876    -4.69   10.55
-204235.819   155.754    -3.88   11.47
-203946.477   154.582    -4.05   11.19
-203657.133   154.266    -1.09   10.33
-203367.789   153.203    -3.68    9.97
-203078.443   152.273    -3.21   10.22
-202789.096   152.145    -0.44   10.43
-202499.748   152.283     0.48    8.98
-202210.399   152.300     0.06    9.72
-201921.049   153.978     5.80   10.57
-201631.697   152.273    -5.90   10.68
-201342.345   151.651    -2.15   11.20
-201052.991   148.876    -9.59   11.94
-200763.636   145.616   -11.27   12.39
-200474.280   143.242    -8.21   12.18
-200184.922   141.195    -7.08   10.78
-199895.564   140.978    -0.75   11.12
-199606.204   144.535    12.29   15.76
-199316.843   149.575    17.42   17.99
-199027.481   154.254    16.17   16.77
-198738.118   156.109     6.41   16.76
-198448.753   156.436     1.13   16.21
-198159.388   155.445    -3.43   15.93
-197870.021   153.066    -8.22   13.56
-197580.653   152.616    -1.56   13.80
-197291.284   150.272    -8.10   11.40
-197001.913   148.530    -6.02    9.24
-196712.542   146.863    -5.76    9.64
-196423.169   145.203    -5.74   10.04
-196133.795   144.351    -2.94    9.98
-195844.420   146.854     8.65   11.60
-195555.043   146.402    -1.56   12.19
-195265.666   146.551     0.52   11.82
-194976.287   146.860     1.06   12.45
-194686.907   149.317     8.49   14.56
-194397.526   150.582     4.37   14.94
-194108.143   150.599     0.06   15.65
-193818.760   150.628     0.10   15.34
-193529.375   150.843     0.74   15.31
-193239.989   150.268    -1.99   14.65
-192950.601   147.568    -9.33   12.55
-192661.213   145.411    -7.45   11.23
-192371.823   145.733     1.11   13.16
-192082.433   143.397    -8.07   13.21
-191793.040   141.045    -8.13   13.25
-191503.647   139.685    -4.70   13.84
-191214.253   137.029    -9.18   13.26
-190924.857   135.479    -5.36   13.06
-190635.460   136.142     2.29   13.84
-190346.062   140.995    16.77   19.00
-190056.662   150.256    32.00   25.33
-189767.262   158.622    28.91   27.26
-189477.860   165.122    22.46   25.99
-189188.457   170.588    18.89   23.46
-188899.053   172.392     6.23   24.32
-188609.647   170.378    -6.96   24.30
-188320.240   165.278   -17.62   22.51
-188030.832   158.789   -22.42   14.02
-187741.631   156.427    -8.17   10.90
-187452.490   154.841    -5.49   10.18
-187163.347   157.896    10.57   11.94
-186874.203   159.565     5.77   12.64
-186585.058   160.504     3.25   12.49
-186295.912   160.375    -0.44   12.38
-186006.764   160.856     1.66   11.50
-185717.615   159.961    -3.09   10.92
-185428.465   159.411    -1.90   11.06
-185139.314   157.961    -5.01   10.07
-184850.162   158.426     1.61    9.77
-184561.008   159.858     4.95   10.95
-184271.853   160.978     3.87   10.03
-183982.697   159.134    -6.38   11.64
-183693.539   156.765    -8.19   11.51
-183404.380   155.203    -5.40    9.99
-183115.220   154.410    -2.74   10.37
-182826.059   154.926     1.79   10.77
-182536.896   156.673     6.04   11.24
-182247.733   158.486     6.27   11.08
-181958.568   158.789     1.05   10.74
-181669.401   157.232    -5.38   11.20
-181380.234   156.622    -2.11   11.60
-181091.065   154.616    -6.94   10.52
-180801.895   154.561    -0.19   10.02
-180512.724   153.928    -2.19    9.09
-180223.551   154.961     3.57    9.34
-179934.377   154.997     0.12    9.29
-179645.202   157.707     9.37    7.48
-179356.026   159.012     4.51    7.06
-179066.848   158.928    -0.29    6.65
-178777.669   158.781    -0.51    6.41
-178488.489   158.582    -0.69    6.37
-178199.308   158.436    -0.51    5.84
-177910.125   159.086     2.25    6.56
-177620.941   160.846     6.09    7.20
-177331.756   162.628     6.16    8.55
-177042.569   164.538     6.60    9.24
-176753.381   168.547    13.87    9.36
-176464.192   170.801     7.79    8.50
-176175.002   171.470     2.31    7.85
-175885.810   171.668     0.69    6.87
-175596.617   171.178    -1.70    6.46
-175307.423   171.861     2.36    6.39
-175018.227   170.586    -4.41    6.76
-174729.031   169.237    -4.67    6.87
-174439.832   167.220    -6.98    7.91
-174150.633   165.896    -4.58    7.51
-173861.432   164.410    -5.14    7.53
-173572.230   163.528    -3.05    7.04
-173283.027   163.720     0.66    8.50
-172993.823   163.926     0.71    9.64
-172704.617   162.678    -4.32   11.23
-172415.410   159.745   -10.14   13.39
-172126.201   155.978   -13.02   13.98
-171836.991   151.944   -13.95   13.69
-171547.780   148.013   -13.59   13.48
-171258.568   144.978   -10.49   11.77
-170969.354   144.013    -3.34   10.87
-170680.139   143.830    -0.63   10.96
-170390.923   144.651     2.84   11.43
-170101.705   146.030     4.77   11.22
-169812.487   147.772     6.02   10.35
-169523.266   150.521     9.50   11.51
-169234.045   150.678     0.54   12.22
-168944.822   150.392    -0.99   12.92
-168655.598   148.995    -4.83   13.14
-168366.373   149.122     0.44   12.75
-168077.146   150.182     3.66   11.97
-167787.918   150.043    -0.48   10.87
-167498.688   150.639     2.06   10.51
-167209.458   151.661     3.53   11.21
-166920.226   152.158     1.72   10.95
-166630.992   151.134    -3.54   12.07
-166341.757   150.345    -2.73   12.61
-166052.521   150.161    -0.63   12.48
-165763.284   148.945    -4.20   12.35
-165474.045   147.224    -5.95   11.86
-165184.806   143.661   -12.32   12.04
-164895.564   141.575    -7.21   10.57
-164606.322   139.322    -7.79   10.85
-164317.078   136.436    -9.98    9.77
-164027.832   134.826    -5.57    9.34
-163738.586   131.453   -11.66   10.66
-163449.338   130.720    -2.53   11.55
-163160.088   128.795    -6.66   11.82
-162870.838   127.317    -5.11   11.12
-162581.586   125.830    -5.14   10.36
-162292.332   125.578    -0.87   10.28
-162003.078   124.658    -3.18    9.86
-161713.822   122.504    -7.45   11.25
-161424.564   120.772    -5.99   10.97
-161135.305   119.628    -3.95   10.50
-160846.045   119.605    -0.08   10.74
-160556.784   120.046     1.52   10.72
-160267.521   118.823    -4.23   10.52
-159978.257   117.479    -4.65    9.83
-159688.992   118.927     5.01   10.19
-159399.725   119.775     2.93   10.18
-159110.457   121.797     6.99   10.77
-158821.187   122.927     3.90   10.91
-158531.916   126.347    11.82   11.91
-158242.644   128.278     6.67   11.81
-157953.370   132.639    15.08   11.76
-157664.095   134.511     6.47   11.07
-157374.819   136.242     5.98   11.20
-157085.541   136.444     0.70   11.66
-156796.262   133.461   -10.31   13.29
-156506.982   130.685    -9.60   13.44
-156217.700   129.387    -4.49   13.55
-155928.417   127.910    -5.11   13.33
-155639.132   127.707    -0.70   13.86
-155349.846   130.711    10.38   14.48
-155060.559   133.588     9.95   14.12
-154771.270   138.187    15.90   13.29
-154481.980   139.571     4.79   12.93
-154192.689   141.199     5.62   13.10
-153903.396   145.565    15.09   12.81
-153614.102   148.134     8.88   13.71
-153324.806   152.645    15.59   13.82
-153035.509   154.161     5.24   13.64
-152746.211   156.816     9.18   13.14
-152456.911   158.622     6.24   12.46
-152167.610   158.578    -0.15   12.18
-151878.307   159.295     2.48   10.72
-151589.004   157.896    -4.84   11.26
-151299.698   154.792   -10.73   12.86
-151010.392   153.358    -4.96   12.81
-150721.084   151.368    -6.88   13.31
-150431.774   149.176    -7.58   13.95
-150142.463   148.145    -3.56   13.14
-149853.151   144.961   -11.00   12.85
-149563.837   146.045     3.74   13.70
-149274.522   147.910     6.45   13.78
-148985.206   147.783    -0.44   13.64
-148695.888   149.317     5.30   12.68
-148406.569   150.306     3.42   11.80
-148117.248   148.927    -4.77   11.58
-147827.926   144.511   -15.26   13.65
-147538.603   140.185   -14.95   14.25
-147249.278   137.116   -10.61   13.25
-146959.952   135.754    -4.71   12.19
-146670.624   135.045    -2.45   11.44
-146381.295   136.029     3.40   11.74
-146091.964   140.300    14.76   12.00
-145802.632   142.685     8.24   10.12
-145513.299   143.189     1.74    9.90
-145223.964   144.178     3.42   10.29
-144934.628   147.311    10.83   10.59
-144645.291   148.814     5.19   10.59
-144355.952   151.301     8.59   10.78
-144066.611   153.323     6.99   10.95
-143777.269   155.809     8.59   10.56
-143487.926   158.496     9.29    9.29
-143198.581   159.797     4.50    8.96
-142909.235   158.461    -4.62   10.53
-142619.888   156.634    -6.32   10.98
-142330.539   155.470    -4.02   10.81
-142041.188   155.860     1.35   11.81
-141751.836   157.125     4.37   13.05
-141462.483   160.806    12.72   13.66
-141173.128   163.728    10.10   12.37
-140883.772   166.390     9.20   10.74
-140594.415   167.754     4.72   10.91
-140305.056   169.561     6.24   10.31
-140015.695   171.046     5.13   10.59
-139726.333   172.387     4.64   11.47
-139436.970   172.943     1.92   11.47
-139147.605   173.538     2.05   11.80
-138858.239   173.758     0.76   11.50
-138568.871   173.683    -0.26   11.12
-138279.502   175.371     5.84   11.34
-137990.131   175.720     1.21   11.04
-137700.759   174.428    -4.46   11.63
-137411.386   173.586    -2.91   11.33
-137122.011   171.617    -6.81   12.01
-136832.634   171.487    -0.45   12.28
-136543.257   168.554   -10.13   12.93
-136253.877   165.582   -10.27   12.12
-135964.497   163.365    -7.66   11.67
-135675.114   161.046    -8.01   12.43
-135385.731   159.237    -6.25   12.69
-135096.346   159.060    -0.61   12.85
-134806.959   159.728     2.31   12.77
-134517.571   160.515     2.72   12.36
-134228.181   160.547     0.11   12.69
-133938.790   161.289     2.56   12.84
-133649.398   160.863    -1.47   12.93
-133360.004   158.892    -6.81   14.14
-133070.608   155.215   -12.70   14.07
-132781.212   154.185    -3.56   13.84
-132491.813   154.540     1.23   13.35
-132202.413   156.338     6.21   14.18
-131913.012   159.328    10.33   15.13
-131623.609   162.896    12.33   14.49
-131334.205   166.242    11.56   13.75
-131044.799   166.392     0.52   13.82
-130755.392   167.228     2.89   14.40
-130465.983   166.656    -1.98   14.82
-130176.573   166.076    -2.00   15.10
-129887.162   166.047    -0.10   14.23
-129597.748   164.754    -4.47   14.81
-129308.334   163.220    -5.30   14.26
-129018.918   164.232     3.50   13.92
-128729.500   162.666    -5.41   13.43
-128440.081   160.134    -8.75   13.62
-128150.660   157.114   -10.43   14.06
-127861.238   156.390    -2.50   14.48
-127571.815   154.911    -5.11   14.52
-127282.390   153.273    -5.66   14.24
-126992.963   152.690    -2.01   12.69
-126703.535   152.761     0.25   12.16
-126414.105   152.347    -1.43   11.87
-126124.674   147.300   -17.44   13.63
-125835.242   142.554   -16.40   15.68
-125545.978   141.690    -2.99   16.10
-125256.867   139.429    -7.82   16.38
-124967.754   135.961   -11.99   15.73
-124678.640   136.345     1.33   15.43
-124389.525   136.104    -0.83   15.28
-124100.408   139.219    10.77   15.73
-123811.290   141.595     8.22   16.12
-123522.170   143.078     5.13   14.76
-123233.048   147.289    14.56   12.11
-122943.925   149.751     8.51   11.51
-122654.801   150.283     1.84   12.05
-122365.675   149.436    -2.93   12.58
-122076.547   146.715    -9.41   13.00
-121787.418   145.504    -4.19   12.73
-121498.288   142.211   -11.39   13.14
-121209.156   139.622    -8.95   14.19
-120920.022   139.272    -1.21   13.85
-120630.887   139.355     0.29   13.73
-120341.750   142.410    10.57   12.29
-120052.612   143.220     2.80   12.39
-119763.472   144.065     2.92   12.70
-119474.331   146.909     9.84   13.90
-119185.188   148.428     5.25   13.94
-118896.044   150.622     7.59   14.06
-118606.898   150.715     0.32   14.05
-118317.751   151.220     1.74   15.23
-118028.602   150.116    -3.82   16.07
-117739.452   150.814     2.41   15.93
-117450.300   148.063    -9.51   15.53
-117161.146   145.378    -9.29   13.68
-116871.991   144.676    -2.43   14.40
-116582.835   145.841     4.03   13.98
-116293.677   144.893    -3.28   14.09
-116004.517   144.720    -0.60   13.46
-115715.356   143.584    -3.93   12.68
-115426.193   144.116     1.84   12.65
-115137.029   144.826     2.45   13.28
-114847.863   145.229     1.40   13.85
-114558.696   143.927    -4.50   15.09
-114269.527   141.683    -7.76   16.25
-113980.356   139.029    -9.18   16.01
-113691.184   140.395     4.72   19.20
-113402.011   141.168     2.68   19.70
-113112.836   139.289    -6.50   20.96
-112823.659   138.775    -1.78   22.08
-112534.481   138.538    -0.82   21.55
-112245.301   135.848    -9.30   21.81
-111956.120   132.568   -11.34   20.19
-111666.937   130.611    -6.77   19.16
-111377.752   130.997     1.33   18.69
-111088.566   131.252     0.88   18.11
-110799.379   133.911     9.20   17.37
-110510.189   134.728     2.82   18.00
-110220.999   133.703    -3.55   19.41
-109931.806   134.997     4.48   20.65
-109642.612   131.845   -10.90   20.04
-109353.417   134.046     7.61   21.75
-109064.220   135.453     4.87   20.80
-108775.021   135.145    -1.07   19.09
-108485.821   136.586     4.98   19.91
-108196.619   137.029     1.53   20.20
-107907.416   138.151     3.88   20.49
-107618.211   134.601   -12.28   22.52
-107329.005   130.995   -12.47   23.72
-107039.797   124.341   -23.01   23.65
-106750.587   120.789   -12.28   21.69
-106461.376   115.099   -19.67   18.51
-106172.163   110.092   -17.31   15.47
-105882.949   108.571    -5.26   14.57
-105593.733   106.661    -6.60   14.91
-105304.515   104.272    -8.26   12.99
-105015.296   101.841    -8.41   10.91
-104726.075   102.978     3.93   11.63
-104436.853   104.461     5.13   12.67
-104147.629   105.469     3.49   13.85
-103858.403   107.505     7.04   16.24
-103569.176   110.478    10.28   17.93
-103279.947   113.161     9.28   20.83
-102990.717   114.030     3.00   21.33
-102701.485   113.666    -1.26   19.93
-102412.252   109.427   -14.66   19.31
-102123.016   105.199   -14.62   18.73
-101833.780   103.318    -6.50   18.09
-101544.541   103.378     0.21   16.07
-101255.301   103.092    -0.99   15.39
-100966.060   102.306    -2.72   14.70
-100676.817   106.249    13.63   18.17
-100387.572   110.410    14.38   19.17
-100098.325   113.806    11.74   18.51
 -99809.077   115.178     4.74   18.73
 -99519.828   113.961    -4.21   18.65
 -99230.576   115.601     5.67   19.19
 -98941.324   114.390    -4.19   19.61
 -98652.069   113.928    -1.60   18.70
 -98362.813   118.470    15.70   22.00
 -98073.555   122.542    14.08   23.20
 -97784.296   123.745     4.16   22.13
 -97495.035   127.063    11.47   21.16
 -97205.772   127.910     2.93   19.41
 -96916.508   127.533    -1.31   19.55
 -96627.242   126.420    -3.85   19.27
 -96337.975   122.673   -12.95   19.39
 -96048.706   120.584    -7.22   18.43
 -95759.435   122.707     7.34   18.01
 -95470.163   124.443     6.00   17.43
 -95180.889   123.361    -3.74   17.12
 -94891.613   123.427     0.23   17.24
 -94602.336   124.045     2.14   17.60
 -94313.057   127.761    12.85   18.77
 -94023.776   127.789     0.10   21.25
 -93734.494   127.496    -1.01   21.63
 -93445.210   128.944     5.01   22.37
 -93155.925   128.846    -0.34   22.69
 -92866.638   130.978     7.37   21.81
 -92577.349   132.656     5.80   21.16
 -92288.058   130.323    -8.06   20.27
 -91998.766   130.926     2.08   17.01
 -91709.473   128.913    -6.96   16.56
 -91420.177   126.661    -7.78   16.38
 -91130.880   121.043   -19.42   18.14
 -90841.582   116.176   -16.83   19.21
 -90552.281   112.185   -13.79   19.10
 -90262.979   109.011   -10.97   18.25
 -89973.676   107.289    -5.95   17.89
 -89684.370   105.224    -7.14   17.45
 -89395.063   105.978     2.61   17.88
 -89105.755   109.806    13.23   19.99
 -88816.444   115.259    18.85   20.22
 -88527.133   120.809    19.18   22.45
 -88237.819   126.478    19.60   21.07
 -87948.504   132.185    19.73   20.09
 -87659.187   137.758    19.26   16.21
 -87369.868   139.551     6.20   15.51
 -87080.548   140.351     2.77   15.51
 -86791.226   139.029    -4.57   15.26
 -86501.902   139.895     2.99   20.01
 -86212.577   140.486     2.04   25.14
 -85923.250   144.961    15.47   32.32
 -85633.921   150.199    18.10   40.48
 -85344.591   154.392    14.49   47.60
 -85055.259   153.026    -4.72   51.71
 -84765.925   147.551   -18.92   53.93
 -84476.590   141.996   -19.20   54.51
 -84187.253   128.605   -46.28   45.36
 -83897.914   115.943   -43.76   26.45
 -83608.574   111.510   -15.32   17.32
 -83319.232   105.410   -21.08   10.61
 -83029.888   103.895    -5.24   10.71
 -82740.542   102.496    -4.83   10.02
 -82451.195   101.068    -4.93    9.56
 -82161.846   100.811    -0.89    9.42
 -81872.496   101.203     1.35    9.01
 -81583.144   102.633     4.94    9.29
 -81293.790   104.571     6.70    9.18
 -81004.434   105.427     2.96    9.15
 -80715.077   104.685    -2.56    9.57
 -80425.718   104.375    -1.07    9.25
 -80136.357   105.207     2.88    9.71
 -79846.995   104.875    -1.15   10.03
 -79557.630   105.910     3.57   10.18
 -79268.265   106.910     3.46    9.73
 -78978.897   105.765    -3.96    9.86
 -78689.528   107.158     4.81    9.93
 -78400.157   109.695     8.77   10.34
 -78110.784   110.174     1.66   10.26
 -77821.410   108.347    -6.31   12.46
 -77532.034   107.513    -2.88   13.73
 -77242.656   106.495    -3.52   15.45
 -76953.276   105.334    -4.01   16.39
 -76663.895   103.628    -5.90   16.92
 -76374.512   102.084    -5.33   17.29
 -76085.127    99.737    -8.11   16.71
 -75795.741    95.703   -13.94   16.95
 -75506.353    94.695    -3.48   15.81
 -75216.963    94.283    -1.42   16.01
 -74927.572    93.892    -1.35   16.02
 -74638.178    93.445    -1.55   17.04
 -74348.783    93.698     0.88   17.25
 -74059.386    95.436     6.00   18.34
 -73769.988    96.145     2.45   18.39
 -73480.588    97.745     5.53   18.15
 -73191.186   102.128    15.15   17.04
 -72901.782   103.944     6.27   17.15
 -72612.377   104.605     2.29   17.21
 -72322.970   106.789     7.54   16.13
 -72033.561   107.617     2.86   17.20
 -71744.150   107.778     0.56   17.02
 -71454.738   106.382    -4.82   18.51
 -71165.324   106.622     0.83   18.55
 -70875.908   103.658   -10.24   21.48
 -70586.490   104.735     3.72   21.49
 -70297.071   100.445   -14.83   23.69
 -70007.650    99.161    -4.43   22.82
 -69718.227    98.565    -2.06   22.17
 -69428.803    95.530   -10.48   21.19
 -69139.376    91.436   -14.15   20.72
 -68849.948    85.351   -21.02   20.01
 -68560.518    82.123   -11.15   21.55
 -68271.087    81.599    -1.81   22.26
 -67981.654    79.306    -7.92   22.15
 -67692.219    79.565     0.89   21.26
 -67402.782    75.978   -12.39   18.88
 -67113.343    76.158     0.62   18.57
 -66823.903    77.841     5.81   18.04
 -66534.461    79.099     4.35   17.69
 -66245.017    78.841    -0.89   17.57
 -65955.571    80.758     6.62   18.36
 -65666.124    81.195     1.51   19.98
 -65376.675    82.082     3.07   20.88
 -65087.224    80.928    -3.99   20.93
 -64797.771    83.533     9.00   20.64
 -64508.317    82.410    -3.88   20.58
 -64218.860    80.995    -4.89   19.83
 -63929.402    81.128     0.46   19.28
 -63639.942    81.545     1.44   17.76
 -63350.587    80.015    -5.29   16.27
 -63061.510    79.668    -1.20   15.67
 -62772.432    79.444    -0.78   14.33
 -62483.351    84.645    17.99   14.65
 -62194.269    88.109    11.98   13.40
 -61905.185    87.892    -0.75   13.50
 -61616.099    91.728    13.27   14.12
 -61327.012    92.312     2.02   13.48
 -61037.922    90.595    -5.94   13.90
 -60748.831    92.428     6.34   13.57
 -60459.738    91.300    -3.90   12.49
 -60170.644    89.645    -5.73   12.22
 -59881.547    89.345    -1.04   11.89
 -59592.449    90.538     4.13   11.65
 -59303.349    89.547    -3.42   11.38
 -59014.247    86.666    -9.97   12.78
 -58725.144    82.861   -13.16   12.59
 -58436.038    80.372    -8.61   12.66
 -58146.931    78.283    -7.22   11.70
 -57857.822    77.478    -2.78   10.50
 -57568.711    77.878     1.38   10.93
 -57279.599    79.728     6.40   10.57
 -56990.484    81.145     4.90    9.41
 -56701.368    81.341     0.68    9.16
 -56412.250    81.961     2.15    9.24
 -56123.130    79.895    -7.15    9.61
 -55834.009    77.928    -6.80    9.91
 -55544.885    75.235    -9.31    8.95
 -55255.760    75.283     0.17    9.08
 -54966.633    76.220     3.24    9.73
 -54677.505    77.795     5.45    9.87
 -54388.374    79.134     4.63    9.77
 -54099.241    81.109     6.83    8.90
 -53810.107    82.582     5.09    9.26
 -53520.971    85.289     9.36    9.91
 -53231.833    87.478     7.57    9.37
 -52942.694    88.673     4.13    9.30
 -52653.552    89.911     4.28    9.72
 -52364.409    91.616     5.90    9.83
 -52075.264    92.945     4.59   13.40
 -51786.117    96.247    11.42   15.43
 -51496.968    97.099     2.95   15.02
 -51207.817    96.878    -0.77   14.74
 -50918.665    97.378     1.73   14.55
 -50629.511    94.628    -9.51   13.16
 -50340.355    93.818    -2.80   12.49
 -50051.197    91.392    -8.39    9.46
 -49762.037    89.427    -6.80    9.72
 -49472.875    88.611    -2.82    9.26
 -49183.712    87.715    -3.10    9.37
 -48894.547    86.185    -5.29    9.71
 -48605.380    86.045    -0.49   10.01
 -48316.211    85.417    -2.17   10.54
 -48027.040    86.178     2.63   10.43
 -47737.868    86.311     0.46   10.39
 -47448.693    85.266    -3.61    9.31
 -47159.517    85.561     1.02    9.44
 -46870.339    86.720     4.01    9.82
 -46581.159    86.470    -0.87    9.24
 -46291.977    88.013     5.34    9.51
 -46002.793    87.486    -1.82   11.03
 -45713.608    87.661     0.61   11.92
 -45424.421    86.558    -3.82   13.48
 -45135.231    86.063    -1.71   13.59
 -44846.040    87.858     6.21   15.50
 -44556.847    89.128     4.39   15.88
 -44267.653    89.778     2.25   15.93
 -43978.456    92.876    10.71   15.76
 -43689.258    93.392     1.78   15.49
 -43400.057    94.277     3.06   15.79
 -43110.855    93.978    -1.04   15.55
 -42821.651    91.061   -10.08   14.99
 -42532.445    87.655   -11.78   15.42
 -42243.237    87.599    -0.19   15.56
 -41954.028    89.099     5.19   16.53
 -41664.816    89.395     1.02   16.69
 -41375.603    87.272    -7.34   17.59
 -41086.388    83.633   -12.58   18.18
 -40797.171    78.496   -17.76   20.65
 -40507.952    72.410   -21.04   20.38
 -40218.731    66.478   -20.51   18.81
 -39929.508    59.504   -24.12   16.13
 -39640.284    58.545    -3.32   15.76
 -39351.057    56.823    -5.95   14.06
 -39061.829    58.295     5.09   15.67
 -38772.599    59.283     3.42   16.91
 -38483.366    59.754     1.63   16.75
 -38194.132    60.345     2.04   16.61
 -37904.897    61.345     3.46   15.65
 -37615.659    60.561    -2.71   16.23
 -37326.419    59.211    -4.67   15.93
 -37037.178    57.461    -6.05   14.25
 -36747.934    56.134    -4.59   14.32
 -36458.689    56.478     1.19   14.16
 -36169.442    56.256    -0.77   14.35
 -35880.193    56.892     2.20   14.43
 -35590.942    57.678     2.72   14.78
 -35301.689    60.066     8.26   15.01
 -35012.434    61.896     6.32   15.09
 -34723.177    60.395    -5.19   15.08
 -34433.919    60.826     1.49   15.20
 -34144.658    59.361    -5.06   14.77
 -33855.396    58.978    -1.33   14.71
 -33566.132    58.545    -1.50   14.85
 -33276.866    56.703    -6.37   14.76
 -32987.598    56.617    -0.30   16.03
 -32698.328    55.145    -5.09   15.96
 -32409.056    52.821    -8.03   16.10
 -32119.782    52.215    -2.09   14.85
 -31830.506    49.685    -8.75   13.52
 -31541.229    50.445     2.62   13.01
 -31251.949    50.080    -1.26   11.09
 -30962.668    49.622    -1.58   11.44
 -30673.384    49.410    -0.74   12.10
 -30384.099    48.452    -3.31   12.38
 -30094.812    47.584    -3.00   11.82
 -29805.523    45.628    -6.76   10.92
 -29516.232    44.203    -4.92   11.24
 -29226.939    43.737    -1.61   13.00
 -28937.644    45.254     5.24   13.31
 -28648.347    45.097    -0.54   14.56
 -28359.048    44.634    -1.60   16.14
 -28069.748    40.896   -12.92   16.77
 -27780.445    41.737     2.91   16.72
 -27491.141    41.841     0.36   17.25
 -27201.834    41.392    -1.55   16.93
 -26912.526    39.453    -6.70   16.32
 -26623.216    38.395    -3.66   14.99
 -26333.903    35.841    -8.83   14.78
 -26044.589    34.545    -4.48   16.06
 -25755.273    31.604   -10.16   14.41
 -25465.955    31.910     1.06   14.98
 -25176.635    27.486   -15.29   15.68
 -24887.313    22.300   -17.92   14.47
 -24597.989    20.551    -6.04   13.78
 -24308.664    20.158    -1.36   13.92
 -24019.336    20.789     2.18   14.95
 -23730.006    22.761     6.82   17.14
 -23440.675    24.345     5.47   17.80
 -23151.341    26.671     8.04   17.38
 -22862.005    27.806     3.92   16.09
 -22572.668    27.345    -1.59   14.81
 -22283.329    29.622     7.87   12.54
 -21993.987    30.748     3.89   10.99
 -21704.644    31.521     2.67    8.76
 -21415.298    31.504    -0.06    8.29
 -21125.951    33.375     6.47    7.84
 -20836.602    34.685     4.53    7.08
 -20547.251    36.261     5.45    6.96
 -20257.898    38.513     7.78    7.32
 -19968.543    40.355     6.36    7.37
 -19679.186    41.378     3.54    6.84
 -19389.827    43.104     5.97    5.48
 -19100.466    42.673    -1.49    5.86
 -18811.103    41.806    -3.00    7.00
 -18521.738    40.338    -5.07    7.94
 -18232.371    39.565    -2.67    8.71
 -17943.002    39.545    -0.07    8.56
 -17653.631    40.410     2.99    7.80
 -17364.258    39.470    -3.25    7.98
 -17074.883    38.551    -3.17    7.68
 -16785.507    37.995    -1.92    6.91
 -16496.128    36.551    -4.99    6.66
 -16206.747    35.185    -4.72    6.08
 -15917.364    34.358    -2.86    6.03
 -15627.980    33.795    -1.95    5.65
 -15338.593    32.622    -4.05    7.27
 -15049.204    29.109   -12.14    9.42
 -14759.814    26.116   -10.34   10.13
 -14470.421    23.013   -10.72   10.27
 -14181.027    24.436     4.92   13.26
 -13891.630    28.792    15.05   16.21
 -13602.231    31.978    11.01   16.52
 -13312.831    35.392    11.80   15.47
 -13023.428    40.063    16.14   12.27
 -12734.024    39.051    -3.50   12.10
 -12444.617    37.411    -5.66   13.10
 -12155.208    34.601    -9.71   12.99
 -11865.798    32.690    -6.60   12.52
 -11576.385    31.845    -2.92   11.80
 -11286.971    30.408    -4.96   10.44
 -10997.554    30.504     0.33    9.29
 -10708.136    29.030    -5.09    8.36
 -10418.715    30.199     4.04    7.79
 -10129.292    31.142     3.26    7.23
  -9839.868    31.488     1.20    5.93
  -9550.441    30.645    -2.91    5.58
  -9261.013    29.551    -3.78    6.74
  -8971.582    28.139    -4.88    7.02
  -8682.149    27.461    -2.34    6.89
  -8392.715    27.232    -0.79    6.78
  -8103.278    26.703    -1.83    6.22
  -7813.839    27.030     1.13    5.08
  -7524.399    26.351    -2.35    5.47
  -7234.956    26.317    -0.12    5.52
  -6945.511    25.913    -1.40    6.11
  -6656.064    24.843    -3.70    7.12
  -6366.616    23.443    -4.83    7.51
  -6077.165    23.843     1.38    7.62
  -5787.712    23.565    -0.96    7.85
  -5498.257    24.469     3.13    7.56
  -5208.800    24.220    -0.86    8.04
  -4919.341    24.047    -0.60    7.06
  -4629.880    23.341    -2.44    6.98
  -4340.417    22.317    -3.54    7.24
  -4050.952    20.528    -6.18    7.13
  -3761.485    17.927    -8.99    7.06
  -3472.016    15.678    -7.77    7.54
  -3182.545    14.765    -3.15    8.30
  -2893.072    12.065    -9.33    8.94
  -2603.597     9.228    -9.80    8.28
  -2314.119     6.328   -10.02    7.83
  -2024.640     4.478    -6.39    7.23
  -1735.159     3.836    -2.22    7.55
  -1445.675     2.754    -3.74    7.64
  -1156.200     2.444    -1.07    7.76
   -867.153     3.245     2.77    8.17
   -578.105     2.978    -0.92    8.63
   -289.055     2.651    -1.13    8.35
     -0.002     2.311    -1.18    7.94
    289.052     2.961     2.25    7.95
    578.109     3.778     2.83    8.13
    867.168     4.795     3.52    8.51
   1156.228     6.578     6.17    8.82
   1445.291     9.145     8.88    9.32
   1734.356    10.823     5.81    9.61
   2023.423    12.876     7.10    9.56
   2312.492    13.961     3.75    8.58
   2601.563    15.387     4.93    7.91
   2890.636    15.761     1.29    7.92
   3179.711    15.229    -1.84    7.95
   3468.788    14.978    -0.87    7.70
   3757.867    13.772    -4.17    8.44
   4046.948    12.928    -2.92    9.18
   4336.032    10.711    -7.67    9.91
   4625.117     9.528    -4.09    9.83
   4914.204     8.116    -4.88    9.59
   5203.294     7.375    -2.56    9.72
   5492.385     7.843     1.62   10.26
   5781.479     7.538    -1.06   10.47
   6070.575     8.510     3.36   10.32
   6359.673     9.203     2.40   10.17
   6648.772    10.047     2.92   10.28
   6937.874    10.513     1.61   10.15
   7226.978    11.203     2.39   10.30
   7516.085    10.256    -3.27   10.25
   7805.193     9.289    -3.35   10.45
   8094.303     6.720    -8.89    9.79
   8383.415     4.978    -6.02    9.42
   8672.530     2.378    -8.99    8.15
   8961.646     0.611    -6.11    6.76
   9250.765    -0.694    -4.51    4.45
   9539.886     0.895     5.49    6.37
   9829.008     2.068     4.06    7.51
  10118.133     4.444     8.22    8.47
  10407.260     6.961     8.71    8.71
  10696.389     9.215     7.80    8.39
  10985.520    11.322     7.29    7.74
  11274.654    11.836     1.78    7.94
  11563.789     9.737    -7.26    8.91
  11852.926     7.874    -6.45    9.33
  12142.066     5.486    -8.26    9.24
  12431.208     4.145    -4.64    9.08
  12720.351     1.806    -8.09    7.74
  13009.497    -0.139    -6.73    4.55
  13298.645    -0.815    -2.34    2.35
  13587.795    -0.305     1.76    2.62
  13876.947     0.378     2.36    3.06
  14166.101     0.611     0.81    3.27
  14455.258     2.128     5.25    4.52
  14744.416     3.789     5.74    5.17
  15033.577     5.775     6.87    5.48
  15322.740     8.013     7.74    5.49
  15611.904     9.666     5.72    4.85
  15901.071    11.078     4.88    3.85
  16190.240    11.997     3.18    2.32
  16479.412    11.961    -0.12    2.18
  16768.585    11.979     0.06    2.44
  17057.760    11.911    -0.23    2.45
  17346.938    11.809    -0.35    2.43
  17636.117    11.795    -0.05    2.46
  17925.299    11.599    -0.68    2.48
  18214.483    11.610     0.04    2.47
  18503.669    11.928     1.10    2.71
  18792.857    12.656     2.52    3.19
  19082.048    12.558    -0.34    3.85
  19371.240    11.875    -2.36    4.70
  19660.434    11.237    -2.21    5.56
  19949.631    13.789     8.82   11.21
  20238.830    26.806    45.01   33.51
  20528.031    46.387    67.71   51.07
  20817.234    65.616    66.49   57.27
  21106.439    81.306    54.25   57.17
  21395.647    85.013    12.82   53.99
  21684.856    78.703   -21.82   57.09
  21974.068    62.355   -56.53   57.21
  22263.282    40.892   -74.21   52.50
  22552.498    18.046   -78.99   29.48
  22841.716     8.523   -32.93   17.38
  23130.936     2.116   -22.15    7.41
  23420.158    -0.555    -9.24    6.73
  23709.383    -2.789    -7.72    5.57
  23998.609    -4.426    -5.66    4.41
  24287.838    -5.557    -3.91    2.54
  24577.069    -6.039    -1.67    0.00
  24866.302    -6.039     0.00    0.00
  25155.538    -6.039     0.00    0.00
  25444.775    -6.039     0.00    0.00
  25734.015    -6.039     0.00    0.00
  26023.257    -6.039     0.00    0.00
  26312.501    -6.039     0.00    0.00
  26601.747    -6.039     0.00    0.00
  26890.995    -6.039     0.00    0.00
  27180.245    -6.039     0.00    0.00
  27469.498    -6.039     0.00    0.00
  27758.753    -6.039     0.00    0.00
  28048.010    -6.039     0.00    0.00
  28337.269    -6.039     0.00    0.00
  28626.530    -6.039     0.00    0.00
  28915.794    -6.039     0.00    0.00
  29205.059    -6.039     0.00    0.00
  29494.327    -6.039     0.00    0.00
  29783.597    -6.039     0.00    0.00
  30072.869    -6.039     0.00    0.00
  30362.143    -6.039     0.00    0.00
  30651.420    -6.039     0.00    0.00
  30940.699    -6.039     0.00    0.00
  31229.980    -6.039     0.00    0.00
  31519.263    -6.039     0.00    0.00
  31808.548    -6.039     0.00    0.00
  32097.835    -6.039     0.00    0.00
  32387.125    -6.039     0.00    0.00
  32676.417    -6.039     0.00    0.00
  32965.711    -6.039     0.00    0.00
  33255.007    -6.039     0.00    0.00
  33544.306    -6.039     0.00    0.00
  33833.606    -6.039     0.00    0.00
  34122.909    -6.039     0.00    0.00
  34412.214    -6.039     0.00    0.00
  34701.521    -6.039     0.00    0.00
  34990.831    -6.039     0.00    0.00
  35280.142    -6.039     0.00    0.00
  35569.456    -6.039     0.00    0.00
  35858.772    -6.039     0.00    0.00
  36148.090    -6.039     0.00    0.00
  36437.411    -6.039     0.00    0.00
  36726.733    -6.039     0.00    0.00
  37016.058    -6.039     0.00    0.00
  37305.385    -6.039     0.00    0.00
  37594.714    -6.039     0.00    0.00
  37884.046    -6.039     0.00    0.00
  38173.380    -6.039     0.00    0.00
  38462.716    -6.039     0.00    0.00
  38752.054    -6.039     0.00    0.00
  39041.394    -6.039     0.00    0.00
  39330.737    -6.039     0.00    0.00
  39620.081    -6.039     0.00    0.00
  39909.428    -6.039     0.00    0.00
  40198.778    -6.039     0.00    0.00
  40488.129    -6.039     0.00    0.00
  40777.483    -6.039     0.00    0.00
  41066.839    -6.039     0.00    0.00
  41356.197    -6.039     0.00    0.00
  41645.557    -6.039     0.00    0.00
  41934.920    -6.039     0.00    0.00
  42224.285    -6.039     0.00    0.00
  42513.652    -6.039     0.00    0.00
  42803.021    -6.039     0.00    0.00
  43092.393    -6.039     0.00    0.00
  43381.767    -6.039     0.00    0.00
  43671.143    -6.039     0.00    0.00
  43960.521    -6.039     0.00    0.00
  44249.901    -6.039     0.00    0.00
  44539.284    -6.039     0.00    0.00
  44828.669    -6.039     0.00    0.00
  45118.056    -6.039     0.00    0.00
  45407.446    -6.039     0.00    0.00
  45696.838    -6.039     0.00    0.00
  45986.232    -6.039     0.00    0.00
  46275.628    -6.039     0.00    0.00
  46565.026    -6.039     0.00    0.00
  46854.427    -6.039     0.00    0.00
  47143.830    -6.039     0.00    0.00
  47433.235    -6.039     0.00    0.00
  47722.643    -6.039     0.00    0.00
  48012.053    -6.039     0.00    0.00
  48301.465    -6.039     0.00    0.00
  48590.879    -6.039     0.00    0.00
  48880.296    -6.039     0.00    0.00
  49169.714    -6.039     0.00    0.00
  49459.136    -6.039     0.00    0.00
  49748.559    -6.039     0.00    0.00
  50037.985    -6.039     0.00    0.00
  50327.412    -6.039     0.00    0.00
  50616.843    -6.039     0.00    0.00
  50906.275    -6.039     0.00    0.00
  51195.710    -6.039     0.00    0.00
  51485.147    -6.039     0.00    0.00
  51774.586    -6.039     0.00    0.00
  52064.028    -6.039     0.00    0.00
  52353.471    -6.039     0.00    0.00
  52642.918    -6.039     0.00    0.00
  52932.366    -6.039     0.00    0.00
  53221.817    -6.039     0.00    0.00
  53511.270    -6.039     0.00    0.00
  53800.725    -6.039     0.00    0.00
  54090.182    -6.039     0.00    0.00
  54379.642    -6.039     0.00    0.00
  54669.104    -6.039     0.00    0.00
  54958.569    -6.039     0.00    0.00
  55248.035    -6.039     0.00    0.00
  55537.504    -6.039     0.00    0.00
  55826.976    -6.039     0.00    0.00
  56116.449    -6.039     0.00    0.00
  56405.925    -6.039     0.00    0.00
  56695.403    -6.039     0.00    0.00
  56984.884    -6.039     0.00    0.00
  57274.366    -6.039     0.00    0.00
  57563.851    -6.039     0.00    0.00
  57853.339    -6.039     0.00    0.00
  58142.828    -6.039     0.00    0.00
  58432.320    -6.039     0.00    0.00
  58721.815    -6.039     0.00    0.00
  59011.311    -6.039     0.00    0.00
  59300.810    -6.039     0.00    0.00
  59590.311    -6.039     0.00    0.00
  59879.815    -6.039     0.00    0.00
  60169.321    -6.039     0.00    0.00
  60458.829    -6.039     0.00    0.00
  60748.339    -6.039     0.00    0.00
  61037.852    -6.039     0.00    0.00
  61326.983    -6.039     0.00    0.00
  61616.000    -6.039     0.00    0.00
  61905.020    -6.039     0.00    0.00
  62194.042    -6.039     0.00    0.00
  62483.066    -6.039     0.00    0.00
  62772.093    -6.039     0.00    0.00
  63061.121    -6.039     0.00    0.00
  63350.153    -6.039     0.00    0.00
  63639.186    -6.039     0.00    0.00
  63928.222    -6.039     0.00    0.00
  64217.260    -6.039     0.00    0.00
  64506.301    -6.039     0.00    0.00
  64795.343    -6.039     0.00    0.00
  65084.389    -6.039     0.00    0.00
  65373.436    -6.039     0.00    0.00
  65662.486    -6.039     0.00    0.00
  65951.538    -6.039     0.00    0.00
  66240.592    -6.039     0.00    0.00
  66529.649    -6.039     0.00    0.00
  66818.708    -6.039     0.00    0.00
  67107.770    -6.039     0.00    0.00
  67396.834    -6.039     0.00    0.00
  67685.900    -6.039     0.00    0.00
  67974.968    -6.039     0.00    0.00
  68264.039    -6.039     0.00    0.00
  68553.112    -6.039     0.00    0.00
  68842.188    -6.039     0.00    0.00
  69131.266    -6.039     0.00    0.00
  69420.346    -6.039     0.00    0.00
  69709.428    -6.039     0.00    0.00
  69998.513    -6.039     0.00    0.00
  70287.600    -6.039     0.00    0.00
  70576.690    -6.039     0.00    0.00
  70865.782    -6.039     0.00    0.00
  71154.876    -6.039     0.00    0.00
  71443.973    -6.039     0.00    0.00
  71733.072    -6.039     0.00    0.00
  72022.173    -6.039     0.00    0.00
  72311.277    -6.039     0.00    0.00
  72600.383    -6.039     0.00    0.00
  72889.492    -6.039     0.00    0.00
  73178.603    -6.039     0.00    0.00
  73467.716    -6.039     0.00    0.00
  73756.831    -6.039     0.00    0.00
  74045.949    -6.039     0.00    0.00
  74335.069    -6.039     0.00    0.00
  74624.192    -6.039     0.00    0.00
  74913.317    -6.039     0.00    0.00
  75202.445    -6.039     0.00    0.00
  75491.574    -6.039     0.00    0.00
  75780.706    -6.039     0.00    0.00
  76069.841    -6.039     0.00    0.00
  76358.978    -6.039     0.00    0.00
  76648.117    -6.039     0.00    0.00
  76937.259    -6.039     0.00    0.00
  77226.403    -6.039     0.00    0.00
  77515.549    -6.039     0.00    0.00
  77804.698    -6.039     0.00    0.00
  78093.849    -6.039     0.00    0.00
  78383.003    -6.039     0.00    0.00
  78672.159    -6.039     0.00    0.00
  78961.317    -6.039     0.00    0.00
  79250.478    -6.039     0.00    0.00
  79539.641    -6.039     0.00    0.00
  79828.807    -6.039     0.00    0.00
  80117.975    -6.039     0.00    0.00
  80407.145    -6.039     0.00    0.00
  80696.318    -6.039     0.00    0.00
  80985.493    -6.039     0.00    0.00
  81274.670    -6.039     0.00    0.00
  81563.850    -6.039     0.00    0.00
  81853.033    -6.039     0.00    0.00
  82142.217    -6.039     0.00    0.00
  82431.404    -6.039     0.00    0.00
  82720.594    -6.039     0.00    0.00
  83009.786    -6.039     0.00    0.00
  83298.980    -6.039     0.00    0.00
  83588.177    -6.039     0.00    0.00
  83877.376    -6.039     0.00    0.00
  84166.578    -6.039     0.00    0.00
  84455.782    -6.039     0.00    0.00
  84744.988    -6.039     0.00    0.00
  85034.197    -6.039     0.00    0.00
  85323.408    -6.039     0.00    0.00
  85612.622    -6.039     0.00    0.00
  85901.838    -6.039     0.00    0.00
  86191.057    -6.039     0.00    0.00
  86480.277    -6.039     0.00    0.00
  86769.501    -6.039     0.00    0.00
  87058.727    -6.039     0.00    0.00
  87347.955    -6.039     0.00    0.00
  87637.185    -6.039     0.00    0.00
  87926.419    -6.039     0.00    0.00
  88215.654    -6.039     0.00    0.00
  88504.892    -6.039     0.00    0.00
  88794.132    -6.039     0.00    0.00
  89083.375    -6.039     0.00    0.00
  89372.620    -6.039     0.00    0.00
  89661.868    -6.039     0.00    0.00
  89951.118    -6.039     0.00    0.00
  90240.371    -6.039     0.00    0.00
  90529.626    -6.039     0.00    0.00
  90818.883    -6.039     0.00    0.00
  91108.143    -6.039     0.00    0.00
  91397.405    -6.039     0.00    0.00
  91686.670    -6.039     0.00    0.00
  91975.937    -6.039     0.00    0.00
  92265.207    -6.039     0.00    0.00
  92554.479    -6.039     0.00    0.00
  92843.754    -6.039     0.00    0.00
  93133.031    -6.039     0.00    0.00
  93422.310    -6.039     0.00    0.00
  93711.592    -6.039     0.00    0.00
  94000.877    -6.039     0.00    0.00
  94290.163    -6.039     0.00    0.00
  94579.453    -6.039     0.00    0.00
  94868.744    -6.039     0.00    0.00
  95158.039    -6.039     0.00    0.00
  95447.335    -6.039     0.00    0.00
  95736.635    -6.039     0.00    0.00
  96025.936    -6.039     0.00    0.00
  96315.240    -6.039     0.00    0.00
  96604.547    -6.039     0.00    0.00
  96893.856    -6.039     0.00    0.00
  97183.167    -6.039     0.00    0.00
  97472.481    -6.039     0.00    0.00
  97761.798    -6.039     0.00    0.00
  98051.117    -6.039     0.00    0.00
  98340.438    -6.039     0.00    0.00
  98629.762    -6.039     0.00    0.00
  98919.088    -6.039     0.00    0.00
  99208.417    -6.039     0.00    0.00
  99497.749    -6.039     0.00    0.00
  99787.082    -6.039     0.00    0.00
 100076.419    -6.039     0.00    0.00
 100365.757    -6.039     0.00    0.00
 100655.099    -6.039     0.00    0.00
 100944.442    -6.039     0.00    0.00
 101233.789    -6.039     0.00    0.00
 101523.137    -6.039     0.00    0.00
 101812.489    -6.039     0.00    0.00
 102101.842    -6.039     0.00    0.00
 102391.199    -6.039     0.00    0.00
 102680.557    -6.039     0.00    0.00
 102969.918    -6.039     0.00    0.00
 103259.282    -6.039     0.00    0.00
 103548.648    -6.039     0.00    0.00
 103838.017    -6.039     0.00    0.00
 104127.388    -6.039     0.00    0.00
 104416.762    -6.039     0.00    0.00
 104706.138    -6.039     0.00    0.00
 104995.517    -6.039     0.00    0.00
 105284.898    -6.039     0.00    0.00
 105574.282    -6.039     0.00    0.00
 105863.668    -6.039     0.00    0.00
 106153.057    -6.039     0.00    0.00
 106442.448    -6.039     0.00    0.00
 106731.842    -6.039     0.00    0.00
 107021.238    -6.039     0.00    0.00
 107310.637    -6.039     0.00    0.00
 107600.038    -6.039     0.00    0.00
 107889.442    -6.039     0.00    0.00
 108178.849    -6.039     0.00    0.00
 108468.258    -6.039     0.00    0.00
 108757.669    -6.039     0.00    0.00
 109047.083    -6.039     0.00    0.00
 109336.499    -6.039     0.00    0.00
 109625.918    -6.039     0.00    0.00
 109915.340    -6.039     0.00    0.00
 110204.764    -6.039     0.00    0.00
 110494.191    -6.039     0.00    0.00
 110783.620    -6.039     0.00    0.00
 111073.051    -6.039     0.00    0.00
 111362.486    -6.039     0.00    0.00
 111651.922    -6.039     0.00    0.00
 111941.362    -6.039     0.00    0.00
 112230.803    -6.039     0.00    0.00
 112520.248    -6.039     0.00    0.00
 112809.695    -6.039     0.00    0.00
 113099.144    -6.039     0.00    0.00
 113388.596    -6.039     0.00    0.00
 113678.051    -6.039     0.00    0.00
 113967.508    -6.039     0.00    0.00
 114256.967    -6.039     0.00    0.00
 114546.429    -6.039     0.00    0.00
 114835.894    -6.039     0.00    0.00
 115125.361    -6.039     0.00    0.00
 115414.831    -6.039     0.00    0.00
 115704.304    -6.039     0.00    0.00
 115993.779    -6.039     0.00    0.00
 116283.256    -6.039     0.00    0.00
 116572.736    -6.039     0.00    0.00
 116862.219    -6.039     0.00    0.00
 117151.704    -6.039     0.00    0.00
 117441.192    -6.039     0.00    0.00
 117730.682    -6.039     0.00    0.00
 118020.175    -6.039     0.00    0.00
 118309.670    -6.039     0.00    0.00
 118599.168    -6.039     0.00    0.00
 118888.669    -6.039     0.00    0.00
 119178.172    -6.039     0.00    0.00
 119467.678    -6.039     0.00    0.00
 119757.186    -6.039     0.00    0.00
 120046.697    -6.039     0.00    0.00
 120336.210    -6.039     0.00    0.00
 120625.726    -6.039     0.00    0.00
 120915.245    -6.039     0.00    0.00
 121204.766    -6.039     0.00    0.00
 121494.290    -6.039     0.00    0.00
 121783.816    -6.039     0.00    0.00
 122073.345    -6.039     0.00    0.00
 122362.877    -6.039     0.00    0.00
 122652.411    -6.039     0.00    0.00
 122941.947    -6.039     0.00    0.00
 123231.487    -6.039     0.00    0.00
 123520.741    -6.039     0.00    0.00
 123809.728    -6.039     0.00    0.00
 124098.716    -6.039     0.00    0.00
 124387.708    -6.039     0.00    0.00
 124676.702    -6.039     0.00    0.00
 124965.698    -6.039     0.00    0.00
 125254.698    -6.039     0.00    0.00
 125543.699    -6.039     0.00    0.00
 125832.704    -6.039     0.00    0.00
 126121.711    -6.039     0.00    0.00
 126410.720    -6.039     0.00    0.00
 126699.732    -6.039     0.00    0.00
 126988.747    -6.039     0.00    0.00
 127277.764    -6.039     0.00    0.00
 127566.784    -6.039     0.00    0.00
 127855.807    -6.039     0.00    0.00
 128144.832    -6.039     0.00    0.00
 128433.860    -6.039     0.00    0.00
 128722.890    -6.039     0.00    0.00
 129011.923    -6.039     0.00    0.00
 129300.958    -6.039     0.00    0.00
 129589.996    -6.039     0.00    0.00
 129879.037    -6.039     0.00    0.00
 130168.080    -6.039     0.00    0.00
 130457.126    -6.039     0.00    0.00
 130746.175    -6.039     0.00    0.00
 131035.226    -6.039     0.00    0.00
 131324.280    -6.039     0.00    0.00
 131613.336    -6.039     0.00    0.00
 131902.395    -6.039     0.00    0.00
 132191.457    -6.039     0.00    0.00
 132480.521    -6.039     0.00    0.00
 132769.588    -6.039     0.00    0.00
 133058.658    -6.039     0.00    0.00
 133347.730    -6.039     0.00    0.00
 133636.805    -6.039     0.00    0.00
 133925.882    -6.039     0.00    0.00
 134214.962    -6.039     0.00    0.00
 134504.045    -6.039     0.00    0.00
 134793.130    -6.039     0.00    0.00
 135082.218    -6.039     0.00    0.00
 135371.308    -6.039     0.00    0.00
 135660.401    -6.039     0.00    0.00
 135949.497    -6.039     0.00    0.00
 136238.596    -6.039     0.00    0.00
 136527.697    -6.039     0.00    0.00
 136816.800    -6.039     0.00    0.00
 137105.907    -6.039     0.00    0.00
 137395.016    -6.039     0.00    0.00
 137684.127    -6.039     0.00    0.00
 137973.242    -6.039     0.00    0.00
 138262.359    -6.039     0.00    0.00
 138551.478    -6.039     0.00    0.00
 138840.601    -6.039     0.00    0.00
 139129.725    -6.039     0.00    0.00
 139418.853    -6.039     0.00    0.00
 139707.983    -6.039     0.00    0.00
 139997.116    -6.039     0.00    0.00
 140286.251    -6.039     0.00    0.00
 140575.390    -6.039     0.00    0.00
 140864.530    -6.039     0.00    0.00
 141153.674    -6.039     0.00    0.00
 141442.820    -6.039     0.00    0.00
 141731.969    -6.039     0.00    0.00
 142021.120    -6.039     0.00    0.00
 142310.274    -6.039     0.00    0.00
 142599.431    -6.039     0.00    0.00
 142888.591    -6.039     0.00    0.00
 143177.753    -6.039     0.00    0.00
 143466.917    -6.039     0.00    0.00
 143756.085    -6.039     0.00    0.00
 144045.255    -6.039     0.00    0.00
 144334.428    -6.039     0.00    0.00
 144623.603    -6.039     0.00    0.00
 144912.781    -6.039     0.00    0.00
 145201.962    -6.039     0.00    0.00
 145491.146    -6.039     0.00    0.00
 145780.332    -6.039     0.00    0.00
 146069.521    -6.039     0.00    0.00
 146358.712    -6.039     0.00    0.00
 146647.907    -6.039     0.00    0.00
 146937.103    -6.039     0.00    0.00
 147226.303    -6.039     0.00    0.00
 147515.505    -6.039     0.00    0.00
 147804.710    -6.039     0.00    0.00
 148093.918    -6.039     0.00    0.00
 148383.128    -6.039     0.00    0.00
 148672.341    -6.039     0.00    0.00
 148961.557    -6.039     0.00    0.00
 149250.776    -6.039     0.00    0.00
 149539.997    -6.039     0.00    0.00
 149829.221    -6.039     0.00    0.00
 150118.447    -6.039     0.00    0.00
 150407.676    -6.039     0.00    0.00
 150696.908    -6.039     0.00    0.00
 150986.143    -6.039     0.00    0.00
 151275.380    -6.039     0.00    0.00
 151564.620    -6.039     0.00    0.00
 151853.863    -6.039     0.00    0.00
 152143.109    -6.039     0.00    0.00
 152432.357    -6.039     0.00    0.00
 152721.608    -6.039     0.00    0.00
 153010.861    -6.039     0.00    0.00
 153300.118    -6.039     0.00    0.00
 153589.377    -6.039     0.00    0.00
 153878.638    -6.039     0.00    0.00
 154167.903    -6.039     0.00    0.00
 154457.170    -6.039     0.00    0.00
 154746.440    -6.039     0.00    0.00
 155035.713    -6.039     0.00    0.00
 155324.988    -6.039     0.00    0.00
 155614.266    -6.039     0.00    0.00
 155903.547    -6.039     0.00    0.00
 156192.830    -6.039     0.00    0.00
 156482.117    -6.039     0.00    0.00
 156771.406    -6.039     0.00    0.00
 157060.697    -6.039     0.00    0.00
 157349.992    -6.039     0.00    0.00
 157639.289    -6.039     0.00    0.00
 157928.589    -6.039     0.00    0.00
 158217.891    -6.039     0.00    0.00
 158507.197    -6.039     0.00    0.00
 158796.505    -6.039     0.00    0.00
 159085.816    -6.039     0.00    0.00
 159375.130    -6.039     0.00    0.00
 159664.446    -6.039     0.00    0.00
 159953.765    -6.039     0.00    0.00
 160243.087    -6.039     0.00    0.00
 160532.411    -6.039     0.00    0.00
 160821.739    -6.039     0.00    0.00
 161111.069    -6.039     0.00    0.00
 161400.402    -6.039     0.00    0.00
 161689.737    -6.039     0.00    0.00
 161979.076    -6.039     0.00    0.00
 162268.417    -6.039     0.00    0.00
 162557.761    -6.039     0.00    0.00
 162847.107    -6.039     0.00    0.00
 163136.457    -6.039     0.00    0.00
 163425.809    -6.039     0.00    0.00
 163715.164    -6.039     0.00    0.00
 164004.521    -6.039     0.00    0.00
 164293.882    -6.039     0.00    0.00
 164583.245    -6.039     0.00    0.00
 164872.611    -6.039     0.00    0.00
 165161.980    -6.039     0.00    0.00
 165451.351    -6.039     0.00    0.00
 165740.725    -6.039     0.00    0.00
 166030.102    -6.039     0.00    0.00
 166319.482    -6.039     0.00    0.00
 166608.865    -6.039     0.00    0.00
 166898.250    -6.039     0.00    0.00
 167187.638    -6.039     0.00    0.00
 167477.029    -6.039     0.00    0.00
 167766.423    -6.039     0.00    0.00
 168055.819    -6.039     0.00    0.00
 168345.219    -6.039     0.00    0.00
 168634.621    -6.039     0.00    0.00
 168924.025    -6.039     0.00    0.00
 169213.433    -6.039     0.00    0.00
 169502.843    -6.039     0.00    0.00
 169792.257    -6.039     0.00    0.00
 170081.673    -6.039     0.00    0.00
 170371.091    -6.039     0.00    0.00
 170660.513    -6.039     0.00    0.00
 170949.937    -6.039     0.00    0.00
 171239.364    -6.039     0.00    0.00
 171528.794    -6.039     0.00    0.00
 171818.227    -6.039     0.00    0.00
 172107.663    -6.039     0.00    0.00
 172397.101    -6.039     0.00    0.00
 172686.542    -6.039     0.00    0.00
 172975.986    -6.039     0.00    0.00
 173265.433    -6.039     0.00    0.00
 173554.883    -6.039     0.00    0.00
 173844.335    -6.039     0.00    0.00
 174133.790    -6.039     0.00    0.00
 174423.248    -6.039     0.00    0.00
 174712.709    -6.039     0.00    0.00
 175002.172    -6.039     0.00    0.00
 175291.639    -6.039     0.00    0.00
 175581.108    -6.039     0.00    0.00
 175870.580    -6.039     0.00    0.00
 176160.055    -6.039     0.00    0.00
 176449.533    -6.039     0.00    0.00
 176739.013    -6.039     0.00    0.00
 177028.497    -6.039     0.00    0.00
 177317.983    -6.039     0.00    0.00
 177607.472    -6.039     0.00    0.00
 177896.964    -6.039     0.00    0.00
 178186.458    -6.039     0.00    0.00
 178475.956    -6.039     0.00    0.00
 178765.456    -6.039     0.00    0.00
 179054.959    -6.039     0.00    0.00
 179344.465    -6.039     0.00    0.00
 179633.974    -6.039     0.00    0.00
 179923.486    -6.039     0.00    0.00
 180213.000    -6.039     0.00    0.00
 180502.517    -6.039     0.00    0.00
 180792.037    -6.039     0.00    0.00
 181081.560    -6.039     0.00    0.00
 181371.086    -6.039     0.00    0.00
 181660.615    -6.039     0.00    0.00
 181950.146    -6.039     0.00    0.00
 182239.681    -6.039     0.00    0.00
 182529.218    -6.039     0.00    0.00
 182818.758    -6.039     0.00    0.00
 183108.301    -6.039     0.00    0.00
 183397.847    -6.039     0.00    0.00
 183687.395    -6.039     0.00    0.00
 183976.947    -6.039     0.00    0.00
 184266.501    -6.039     0.00    0.00
 184556.058    -6.039     0.00    0.00
 184845.618    -6.039     0.00    0.00
 185135.181    -6.039     0.00    0.00
 185424.747    -6.039     0.00    0.00
 185714.156    -6.039     0.00    0.00
 186003.108    -6.039     0.00    0.00
 186292.062    -6.039     0.00    0.00
 186581.020    -6.039     0.00    0.00
 186869.980    -6.039     0.00    0.00
 187158.943    -6.039     0.00    0.00
 187447.909    -6.039     0.00    0.00
 187736.878    -6.039     0.00    0.00
 188025.850    -6.039     0.00    0.00
 188314.825    -6.039     0.00    0.00
 188603.802    -6.039     0.00    0.00
 188892.783    -6.039     0.00    0.00
 189181.766    -6.039     0.00    0.00
 189470.752    -6.039     0.00    0.00
 189759.741    -6.039     0.00    0.00
 190048.733    -6.039     0.00    0.00
 190337.727    -6.039     0.00    0.00
 190626.725    -6.039     0.00    0.00
 190915.725    -6.039     0.00    0.00
 191204.729    -6.039     0.00    0.00
 191493.735    -6.039     0.00    0.00
 191782.744    -6.039     0.00    0.00
 192071.756    -6.039     0.00    0.00
 192360.771    -6.039     0.00    0.00
 192649.788    -6.039     0.00    0.00
 192938.809    -6.039     0.00    0.00
 193227.832    -6.039     0.00    0.00
 193516.859    -6.039     0.00    0.00
 193805.888    -6.039     0.00    0.00
 194094.920    -6.039     0.00    0.00
 194383.955    -6.039     0.00    0.00
 194672.993    -6.039     0.00    0.00
 194962.034    -6.039     0.00    0.00
 195251.077    -6.039     0.00    0.00
 195540.124    -6.039     0.00    0.00
 195829.173    -6.039     0.00    0.00
 196118.226    -6.039     0.00    0.00
 196407.281    -6.039     0.00    0.00
 196696.339    -6.039     0.00    0.00
 196985.400    -6.039     0.00    0.00
 197274.464    -6.039     0.00    0.00
 197563.531    -6.039     0.00    0.00
 197852.601    -6.039     0.00    0.00
 198141.673    -6.039     0.00    0.00
 198430.749    -6.039     0.00    0.00
 198719.828    -6.039     0.00    0.00
 199008.909    -6.039     0.00    0.00
 199297.993    -6.039     0.00    0.00
 199587.080    -6.039     0.00    0.00
 199876.170    -6.039     0.00    0.00
 200165.264    -6.039     0.00    0.00
 200454.359    -6.039     0.00    0.00
 200743.458    -6.039     0.00    0.00
 201032.560    -6.039     0.00    0.00
 201321.665    -6.039     0.00    0.00
 201610.772    -6.039     0.00    0.00
 201899.883    -6.039     0.00    0.00
 202188.996    -6.039     0.00    0.00
 202478.113    -6.039     0.00    0.00
 202767.232    -6.039     0.00    0.00
 203056.354    -6.039     0.00    0.00
 203345.479    -6.039     0.00    0.00
 203634.608    -6.039     0.00    0.00
 203923.739    -6.039     0.00    0.00
 204212.873    -6.039     0.00    0.00
 204502.009    -6.039     0.00    0.00
 204791.149    -6.039     0.00    0.00
 205080.292    -6.039     0.00    0.00
 205369.438    -6.039     0.00    0.00
 205658.586    -6.039     0.00    0.00
 205947.738    -6.039     0.00    0.00
 206236.892    -6.039     0.00    0.00
 206526.050    -6.039     0.00    0.00
 206815.210    -6.039     0.00    0.00
 207104.374    -6.039     0.00    0.00
 207393.540    -6.039     0.00    0.00
 207682.709    -6.039     0.00    0.00
 207971.881    -6.039     0.00    0.00
 208261.057    -6.039     0.00    0.00
 208550.235    -6.039     0.00    0.00
 208839.416    -6.039     0.00    0.00
 209128.600    -6.039     0.00    0.00
 209417.787    -6.039     0.00    0.00
 209706.977    -6.039     0.00    0.00
 209996.169    -6.039     0.00    0.00
 210285.365    -6.039     0.00    0.00
 210574.564    -6.039     0.00    0.00
 210863.766    -6.039     0.00    0.00
 211152.971    -6.039     0.00    0.00
 211442.178    -6.039     0.00    0.00
 211731.389    -6.039     0.00    0.00
 212020.603    -6.039     0.00    0.00
 212309.819    -6.039     0.00    0.00
 212599.039    -6.039     0.00    0.00
 212888.261    -6.039     0.00    0.00
 213177.487    -6.039     0.00    0.00
 213466.715    -6.039     0.00    0.00
 213755.947    -6.039     0.00    0.00
 214045.181    -6.039     0.00    0.00
 214334.419    -6.039     0.00    0.00
 214623.659    -6.039     0.00    0.00
 214912.902    -6.039     0.00    0.00
 215202.149    -6.039     0.00    0.00
 215491.398    -6.039     0.00    0.00
 215780.650    -6.039     0.00    0.00
 216069.906    -6.039     0.00    0.00
 216359.164    -6.039     0.00    0.00
 216648.425    -6.039     0.00    0.00
 216937.690    -6.039     0.00    0.00
 217226.957    -6.039     0.00    0.00
 217516.227    -6.039     0.00    0.00
 217805.500    -6.039     0.00    0.00
 218094.777    -6.039     0.00    0.00
 218384.056    -6.039     0.00    0.00
 218673.338    -6.039     0.00    0.00
 218962.623    -6.039     0.00    0.00
 219251.912    -6.039     0.00    0.00
 219541.203    -6.039     0.00    0.00
 219830.497    -6.039     0.00    0.00
 220119.794    -6.039     0.00    0.00
 220409.095    -6.039     0.00    0.00
 220698.398    -6.039     0.00    0.00
 220987.704    -6.039     0.00    0.00
 221277.014    -6.039     0.00    0.00
 221566.326    -6.039     0.00    0.00
 221855.641    -6.039     0.00    0.00
 222144.960    -6.039     0.00    0.00
 222434.281    -6.039     0.00    0.00
 222723.605    -6.039     0.00    0.00
 223012.933    -6.039     0.00    0.00
 223302.263    -6.039     0.00    0.00
 223591.596    -6.039     0.00    0.00
 223880.933    -6.039     0.00    0.00
 224170.272    -6.039     0.00    0.00
 224459.615    -6.039     0.00    0.00
 224748.960    -6.039     0.00    0.00
 225038.309    -6.039     0.00    0.00
 225327.661    -6.039     0.00    0.00
 225617.015    -6.039     0.00    0.00
 225906.373    -6.039     0.00    0.00
 226195.733    -6.039     0.00    0.00
 226485.097    -6.039     0.00    0.00
 226774.464    -6.039     0.00    0.00
 227063.834    -6.039     0.00    0.00
 227353.207    -6.039     0.00    0.00
 227642.582    -6.039     0.00    0.00
 227931.961    -6.039     0.00    0.00
 228221.343    -6.039     0.00    0.00
 228510.728    -6.039     0.00    0.00
 228800.116    -6.039     0.00    0.00
 229089.507    -6.039     0.00    0.00
 229378.901    -6.039     0.00    0.00
 229668.299    -6.039     0.00    0.00
 229957.699    -6.039     0.00    0.00
 230247.102    -6.039     0.00    0.00
 230536.508    -6.039     0.00    0.00
 230825.918    -6.039     0.00    0.00
 231115.330    -6.039     0.00    0.00
 231404.746    -6.039     0.00    0.00
 231694.164    -6.039     0.00    0.00
 231983.586    -6.039     0.00    0.00
 232273.011    -6.039     0.00    0.00
 232562.438    -6.039     0.00    0.00
 232851.869    -6.039     0.00    0.00
 233141.303    -6.039     0.00    0.00
 233430.740    -6.039     0.00    0.00
