#    3.702  -0.844   1.519 ;Mean Elev.(m), Avg Gradient(m/km), RMS Gradient(m/km) - SRTM1     
#   20.441  -2.978   5.436 ;Mean Elev.(m), Avg Gradient(m/km), RMS Gradient(m/km) - ASTER GDEM
#    6.039  -1.457   5.770 ;Mean Elev.(m), Avg Gradient(m/km), RMS Gradient(m/km) - GMTED2010 
   1 308.294423   4.024998     2.556     2.523  7 54667.43021225 48.728
   2 308.293440   4.025681     2.513     2.429  8 54677.34585645 51.012
   3 308.293883   4.025658   -63.389   -59.247  9 54687.26149918  9.216
   4 308.295941   4.024150     0.576     0.481  5 54697.17713992 52.271
   5 308.298107   4.022959   -45.248   -45.248  2 54707.09278056 14.281
   6 308.295898   4.023188     1.056     1.072  5 54717.00843216 42.241
   7 308.294197   4.026570   -16.678   -13.061  8 54726.92408215 22.146
   8 308.288944   4.021946     2.473     2.501  7 54736.83972887 42.404
   9 308.284835   4.018363     0.477     0.069  6 54746.75537562 27.375
  10 308.283655   4.018498     0.393     0.398  6 54756.67102304 49.817
  11 308.284560   4.018559     0.109    -0.299  6 54766.58666884 21.969
  12 308.287093   4.020663     0.504     0.514  7 54776.50231198 48.025
  13 308.288731   4.021950     0.983     0.991  7 54786.41795229 47.838
  14 308.289407   4.021602     1.858     1.835  7 54796.33359068 55.140
  15 308.292829   4.025275     1.063     1.114  8 54806.24922947 51.201
  16 308.295648   4.024150     0.928     0.923  6 54816.16486659 52.188
  17 308.295249   4.024513     0.308     0.261  6 54826.08051411 47.918
  18 308.292184   4.025175     0.492     0.610  8 54835.99615328 49.039
  19 308.285835   4.018645     0.994     0.937  6 54845.91180111 43.838
  20 308.282829   4.017643     1.980     1.983  6 54855.82744995 48.561
  21 308.281174   4.016096     2.430     2.352  5 54865.74309884 24.017
  22 308.281269   4.016656     2.278     2.569  5 54875.65874790 25.208
  23 308.282144   4.016774     1.866     1.655  5 54885.57439399 28.378
  24 308.282038   4.016791     1.178     1.287  6 54895.49003637 28.620
  25 308.281261   4.016714     1.387     1.285  5 54905.40567574 53.302
  26 308.281231   4.015790     2.054     2.066  5 54915.32131350 52.379
  27 308.283305   4.017276     2.504     2.532  6 54925.23695145 53.032
  28 308.287928   4.021299     1.206     1.149  7 54935.15258941 49.842
  29 308.294075   4.026021     0.789     0.770  9 54945.06822572 50.641
  30 308.297811   4.023350     0.035     0.035  2 54954.98385798 43.039
  31 308.295892   4.022729     0.774     0.776  5 54964.89950410 25.620
  32 308.293752   4.024648     1.605     1.598  8 54974.81515241 24.868
  33 308.292034   4.024497     2.225     2.180  9 54984.73080015 24.068
  34 308.291939   4.024425   -20.243   -20.187  8 54994.64644797 16.159
  35 308.291519   4.024090     2.416     2.381  8 55004.56209433 23.096
  36 308.289807   4.022752     0.350     0.338  8 55014.47773805 47.222
  37 308.288088   4.021649     0.695     0.594  7 55024.39338025 53.118
  38 308.286936   4.020024     1.281     1.270  7 55034.30902160 49.127
  39 308.289453   4.022403     1.734     1.685  8 55044.22466332 54.969
  40 308.294274   4.024753     1.282     1.267  8 55054.14030355 49.107
  41 308.297307   4.023658     1.222     1.255  4 55064.05594077 50.127
  42 308.295298   4.023356     0.440     0.487  6 55073.97158649 25.485
  43 308.291541   4.024454     0.585     0.581  8 55083.88723445 44.454
  44 308.286959   4.020815     0.943     1.049  6 55093.80288016 21.560
  45 308.285281   4.019492     1.062     1.061  6 55103.71852659 38.074
  46 308.285206   4.018908     1.091     1.093  5 55113.63417312 16.681
  47 308.286671   4.019803     0.875     0.880  6 55123.54981763 19.628
  48 308.288579   4.022092     0.362     0.355  7 55133.46545949 54.227
  49 308.289347   4.023065    -0.406    -0.422  7 55143.38109864 55.042
  50 308.289305   4.022206    -0.062    -0.110  8 55153.29673646 52.458
  51 308.291453   4.023928     1.305     1.300  8 55163.21237523 54.156
  52 308.294721   4.024993     2.128     2.119  8 55173.12801367 30.849
  53 308.297452   4.023264     1.493     1.532  3 55183.04365063 37.380
  54 308.294932   4.025826     0.296     0.228  7 55192.95930221 42.268
  55 308.289064   4.022133     1.901     2.083  7 55202.87495115 22.488
  56 308.284608   4.018667     1.925     2.243  6 55212.79059984 24.212
  57 308.283589   4.018494     1.994     1.947  6 55222.70624911 39.043
  58 308.283396   4.017478     2.501     2.469  5 55232.62189692 25.681
  59 308.284937   4.018660     2.355     2.321  6 55242.53754201 23.929
  60 308.284370   4.018689     0.836     0.824  6 55252.45318312 53.006
  61 308.282375   4.017116     0.193     0.249  5 55262.36882122 52.585
  62 308.282798   4.017608     0.047     0.093  5 55272.28445872 43.904
  63 308.286488   4.020509     1.089     1.080  6 55282.20009675 53.320
  64 308.292579   4.025765     1.735     1.720  8 55292.11573427 53.254
  65 308.295954   4.023377     1.723     1.692  5 55302.03136845 53.395
  66 308.294938   4.025253     1.533     1.511  7 55311.94701613 50.585
  67 308.292810   4.025185     0.633     0.255  9 55321.86266123 32.104
  68 308.290199   4.022963     0.346     0.334  8 55331.77830491 46.049
  69 308.289547   4.023203     2.630     2.526  8 55341.69394927 22.390
  70 308.290680   4.024216     2.341     2.302  8 55351.60959376 27.954
  71 308.291835   4.023851     2.344     2.277  8 55361.52523570 48.948
  72 308.292643   4.024911     1.553     1.544  8 55371.44087561 43.548
  73 308.292910   4.024541     0.412     0.513  8 55381.35651353 49.656
  74 308.294090   4.024795     0.140     0.103  8 55391.27215079 51.097
  75 308.296927   4.023983     0.416     0.371  4 55401.18778668 44.777
  76 308.296764   4.023361     2.286     2.264  4 55411.10343540 52.480
  77 308.295662   4.024415     3.036     3.082  6 55421.01908504 51.927
  78 308.293462   4.025286     1.882     1.903  9 55430.93473178 32.989
  79 308.289018   4.022082     2.278     2.199  8 55440.85037550 20.809
  80 308.286456   4.019904     1.049     0.873  6 55450.76601837 26.890
  81 308.287322   4.020464    -0.418    -0.405  7 55460.68166159 29.138
  82 308.290473   4.023225     1.767     1.813  8 55470.59730433 22.766
  83 308.293805   4.025946     2.518     2.439  9 55480.51294401 45.688
  84 308.295145   4.024776     2.083     2.051  6 55490.42858001 49.807
  85 308.296658   4.024491     0.507     0.478  5 55500.34421384 54.769
  86 308.295708   4.024393     0.112     0.076  6 55510.25985554 52.608
  87 308.293984   4.026415    -0.296    -0.318  8 55520.17550541 51.930
  88 308.292158   4.024653     1.138     1.143  9 55530.09115347 53.649
  89 308.290803   4.022943     2.444     2.386  8 55540.00680004 52.921
  90 308.290189   4.023805     1.779     1.740  8 55549.92244522 42.979
  91 308.287148   4.020085     2.531     2.499  7 55559.83808783 23.020
  92 308.286248   4.019057     0.700     0.800  6 55569.75373047 42.264
  93 308.288004   4.020793     2.428     2.460  7 55579.66937299 22.482
  94 308.291396   4.023580     1.682     1.657  8 55589.58501319 26.861
  95 308.295340   4.025910     2.506     2.403  7 55599.50065009 51.276
  96 308.296622   4.023672     2.680     2.602  4 55609.41628317 49.469
  97 308.297891   4.022840     1.752     1.752  2 55619.33191463 47.902
  98 308.295496   4.024668     0.370     0.386  7 55629.24756357 52.503
  99 308.293917   4.024609     0.274     0.288  8 55639.16321395 34.820
 100 308.294077   4.025553     0.209     0.175  9 55649.07886242 50.647
 101 308.293726   4.025920     2.457     2.467  8 55658.99450766 48.616
 102 308.292397   4.024843     3.147     3.158  9 55668.91014891 43.061
 103 308.292264   4.025452     1.743     1.768  8 55678.82578854 27.374
 104 308.293477   4.025090     2.510     2.536  8 55688.74142634 21.998
 105 308.295499   4.023799     0.638     0.636  6 55698.65706257 44.455
 106 308.297994   4.023504     0.665     0.602  3 55708.57269986 45.590
 107 308.295738   4.024171     2.693     2.586  5 55718.48835059 43.192
 108 308.293576   4.025667     2.920     2.830  8 55728.40399880 52.402
 109 308.291042   4.023191     1.603     1.578  8 55738.31964445 54.210
 110 308.290805   4.024428     0.932     0.954  8 55748.23528971 54.170
 111 308.291241   4.023809     0.913     1.244  8 55758.15093237 26.546
 112 308.293484   4.025245     0.466     0.487  8 55768.06657294 51.317
 113 308.295245   4.025052     1.499     1.527  7 55777.98221020 47.070
 114 308.296308   4.023485     1.752     1.636  5 55787.89784479 34.993
 115 308.297958   4.023209     2.335     2.335  2 55797.81347860 19.434
 116 308.297248   4.023554     2.223     2.279  4 55807.72912281 20.893
 117 308.296289   4.023937     0.397     0.382  6 55817.64477228 42.962
 118 308.296650   4.023786    -0.288    -0.245  5 55827.56041802 33.469
 119 308.297316   4.024434     0.585     0.589  4 55837.47605947 48.596
 120 308.296947   4.023650     1.885     1.837  5 55847.39169723 45.747
 121 308.297419   4.022298     2.219     2.311  3 55857.30733236 45.094
 122 308.297116   4.024351     1.026     1.039  4 55867.22297735 46.801
 123 308.295025   4.024164     0.403     0.448  6 55877.13862904 50.210
 124 308.294818   4.024408     0.079    -0.018  7 55887.05427470 49.728
 125 308.295188   4.023812     0.536     0.565  6 55896.96991474 39.109
 126 308.296839   4.023007     1.877     1.846  4 55906.88554994 30.516
 127 308.295628   4.024690     2.353     2.357  6 55916.80119607 25.044
 128 308.291832   4.023595     2.351     2.354  8 55926.71684951 19.928
 129 308.290047   4.022480     1.132     1.121  8 55936.63249978 30.206
 130 308.289894   4.023612     0.358     0.362  8 55946.54814565 52.780
 131 308.289707   4.023191     1.109     1.079  7 55956.46378650 52.851
 132 308.290242   4.023700     1.768     1.759  8 55966.37942474 54.818
 133 308.291953   4.025317     2.254     2.200  8 55976.29506196 54.336
 134 308.294756   4.024858     0.932     0.913  7 55986.21069794 46.196
 135 308.298213   4.023445     1.128     1.107  3 55996.12633400 50.450
 136 308.296673   4.024224     0.775     0.748  5 56006.04198531 52.015
 137 308.294713   4.025610     1.291     1.056  8 56015.95763280 32.245
 138 308.290690   4.022844     1.909     1.907  8 56025.87327653 34.056
 139 308.289021   4.022679     2.045     2.085  7 56035.78891949 30.763
 140 308.290676   4.023249     1.107     1.105  8 56045.70456093 40.473
 141 308.294490   4.026001     2.513     2.507  8 56055.62020014 21.744
 142 308.297315   4.023210     0.768     0.812  4 56065.53583404 43.637
 143 308.296102   4.024135     0.627     0.630  6 56075.45147982 43.681
 144 308.292433   4.024305     1.208     1.084  8 56085.36712856 37.786
 145 308.290617   4.023421     1.919     1.908  8 56095.28277467 55.121
 146 308.291802   4.024612     1.995     1.998  8 56105.19841931 34.605
 147 308.293622   4.024950     1.685     1.730  8 56115.11404935 52.307
 148 308.295763   4.024951     0.683     0.649  6 56125.02968724 52.618
 149 308.297547   4.024080     0.499     0.503  4 56134.94532111 25.738
 150 308.296560   4.023390     0.645     0.612  4 56144.86096201 25.140
 151 308.294100   4.024538     1.155     1.134  8 56154.77661237 33.877
 152 308.293382   4.026160     2.221     2.190  8 56164.69226200 23.396
 153 308.293284   4.025333     2.179     2.128  8 56174.60790903 19.091
 154 308.294684   4.025737     0.774     0.834  7 56184.52355127 32.778
 155 308.295007   4.025115     0.177     0.220  7 56194.43918927 50.303
 156 308.295061   4.024753     0.219     0.134  6 56204.35482421 50.235
 157 308.296318   4.023453     1.245     1.219  5 56214.27045729 51.611
 159 308.297534   4.023616     1.418     1.375  4 56234.10174840 48.968
 160 308.296064   4.024742     0.672     0.670  6 56244.01740033 39.125
 161 308.294307   4.026471     0.558     0.505  8 56253.93304772 38.395
 162 308.291887   4.024306     0.230     0.210  8 56263.84869021 39.949
 163 308.291440   4.024197     0.807     0.596  8 56273.76433169 21.730
 164 308.291692   4.023532     1.616     1.479  8 56283.67997600 21.504
 165 308.290505   4.022873     2.265     2.193  8 56293.59562777 19.239
 166 308.289233   4.022406     1.197     1.163  8 56303.51127511 43.810
 167 308.287090   4.020108     1.517     2.103  7 56313.42691769 24.672
 168 308.286058   4.018917    -0.242    -0.212  6 56323.34255816 48.527
 169 308.288245   4.021987    -0.249    -0.331  7 56333.25819891 51.619
 170 308.292352   4.025664     1.435     1.442  8 56343.17383936 49.568
 171 308.296023   4.025329     2.319     2.285  6 56353.08947667 38.481
 172 308.296674   4.024988     2.230     2.247  5 56363.00511854 25.385
 173 308.293348   4.025431     0.327     0.292  8 56372.92076730 36.046
 175 308.285555   4.018705     0.655     0.884  6 56392.75205622 29.853
 176 308.287676   4.020608     1.606     1.620  7 56402.66769962 37.078
 177 308.291835   4.023968     2.607     2.579  8 56412.58334063 47.445
 178 308.296065   4.024362     1.832     1.817  6 56422.49897592 48.364
 179 308.295855   4.023811     0.694     0.658  5 56432.41461741 52.516
 180 308.291288   4.024846     0.443     0.444  8 56442.33026935 54.420
 181 308.286664   4.020033     0.331     0.336  7 56452.24591740 54.910
 182 308.286839   4.020589     1.646     1.590  6 56462.16156449 53.696
 183 308.288371   4.021331     2.561     2.595  7 56472.07720848 51.871
 184 308.291040   4.023793     2.176     2.157  8 56481.99284954 52.916
 185 308.293035   4.025885     2.062     2.216  8 56491.90848700 24.790
 186 308.294595   4.024897     0.660     0.231  8 56501.82412161 30.823
 187 308.297972   4.023960     2.097     2.192  3 56511.73975507 22.665
 188 308.297938   4.022934     0.266     0.266  2 56521.65540134 41.749
 189 308.296198   4.024012     1.983     1.980  5 56531.57105464 41.389
 191 308.292711   4.025650     1.392     1.264  8 56551.40234905 52.428
 192 308.290207   4.023875     0.199     0.115  8 56561.31799103 52.105
 193 308.289611   4.022728    -0.206    -0.270  7 56571.23363205 54.583
 194 308.292781   4.025487     0.028    -0.009  8 56581.14927268 51.703
 195 308.297136   4.023891     1.953     1.910  4 56591.06490839 33.250
 196 308.296621   4.023850     2.548     2.551  4 56600.98055652 45.400
 197 308.293635   4.024886     1.487     1.558  8 56610.89620670 26.203
 198 308.290761   4.023424    -0.143    -0.210  8 56620.81185198 23.946
 199 308.290187   4.023848    -0.457    -0.440  8 56630.72749495 19.165
 200 308.292916   4.025129    -0.397    -0.364  9 56640.64313470 24.394
 201 308.293654   4.025885     2.207     2.208  9 56650.55878258 26.675
 202 308.290711   4.023467     2.819     2.799  8 56660.47443286 54.934
 203 308.287700   4.021080     1.903     1.865  7 56670.39007937 52.311
 204 308.285993   4.019652     0.182     0.177  6 56680.30572375 41.353
 205 308.287345   4.020846     0.786     0.864  7 56690.22136700 53.261
 206 308.291156   4.023376     0.017    -0.137  8 56700.13700749 47.151
 207 308.295244   4.024106     2.149     2.138  6 56710.05264296 36.822
 208 308.295422   4.025153     3.306     3.290  6 56719.96828470 44.234
 209 308.290172   4.023275   -13.441   -13.305  8 56729.88393604 11.951
 210 308.285974   4.020209     2.439     2.422  6 56739.79958353 22.966
 211 308.284800   4.018220     2.608     2.600  6 56749.71522756 23.748
 212 308.289020   4.022076     1.029     1.172  7 56759.63086838 27.660
 213 308.294974   4.024691     1.549     1.531  6 56769.54650268 40.896
 214 308.293275   4.025404     2.739     2.673  9 56779.46215283 39.407
 215 308.286884   4.019991     2.317     2.273  6 56789.37780634 53.241
 216 308.281733   4.016749     1.211     1.179  6 56799.29345684 45.333
 217 308.280445   4.015578     0.771     0.781  5 56809.20910176 53.565
 218 308.283419   4.017780     0.065     0.051  6 56819.12474233 53.422
 219 308.288687   4.022005     1.078     1.039  7 56829.04037983 54.188
 220 308.293933   4.024779   -12.553   -12.082  8 56838.95601400 21.035
 221 308.296886   4.022809     2.557     2.557  4 56848.87164568 45.809
 222 308.293942   4.026061     2.149     2.109  9 56858.78730077 24.999
 223 308.290809   4.024242     0.637     0.612  8 56868.70295395 51.369
 224 308.288587   4.021760     0.246     0.227  7 56878.61860494 40.359
 225 308.286948   4.020605    -0.109    -0.010  7 56888.53425289 40.647
 226 308.284589   4.018549     1.763     1.762  5 56898.44989770 52.563
 227 308.282454   4.017137     2.924     3.033  5 56908.36553996 49.786
 228 308.282799   4.017583     1.709     1.654  5 56918.28118070 54.945
 229 308.286325   4.019756     0.544     0.454  7 56928.19682000 52.817
 230 308.293187   4.025779     0.337     0.355  8 56938.11245630 51.215
 231 308.297478   4.023896    -0.024     0.000  4 56948.02808912 36.685
 232 308.294755   4.025863     1.961     1.932  8 56957.94374270 40.401
 233 308.291026   4.023913     1.945     1.911  7 56967.85939032 28.778
 234 308.289705   4.022996     1.438     1.423  7 56977.77503461 23.307
 235 308.291167   4.023146     0.652     0.443  8 56987.69067498 13.957
 236 308.295892   4.024323     0.293     0.364  6 56997.60630981 20.741
 237 308.295472   4.024408     0.931     1.091  6 57007.52195790 24.192
 238 308.292213   4.024729     0.833     0.838  8 57017.43761159 53.097
 239 308.288641   4.022366     1.332     1.276  7 57027.35326095 46.655
 240 308.286587   4.020170     1.375     1.227  6 57037.26890841 28.059
 241 308.287469   4.020492     0.867     0.802  7 57047.18455397 34.252
 242 308.291398   4.025000     0.812     0.810  8 57057.10019702 39.137
 243 308.294144   4.025684     0.337     0.264  8 57067.01583380 42.555
 244 308.295351   4.023594     1.031     0.822  6 57076.93146575 31.618
 245 308.298161   4.024025     1.907     1.796  3 57086.84709689 34.111
 246 308.293631   4.026070     2.319     2.319  8 57096.76275607 24.363
 247 308.289519   4.023109     2.191     2.314  7 57106.67841143 25.896
 248 308.288990   4.022696     2.521     2.549  7 57116.59406276 22.977
 249 308.289196   4.022718     2.379     2.389  7 57126.50970786 21.922
 250 308.289579   4.023032     1.081     1.023  7 57136.42534740 47.260
 251 308.292043   4.024866     2.683     2.704  8 57146.34098307 53.345
 252 308.295157   4.023560     2.910     2.732  6 57156.25661557 46.218
 253 308.296603   4.023391     2.097     2.112  5 57166.17225762 20.580
 254 308.294532   4.025553     1.035     1.037  8 57176.08791383 52.112
 255 308.292213   4.025052     0.661     0.704  8 57186.00356570 53.625
 256 308.289969   4.023369     0.411     0.460  7 57195.91921343 34.338
 257 308.288074   4.021755     2.489     2.523  7 57205.83484784 23.481
 258 308.287476   4.020667     2.445     2.413  6 57215.75049295 22.357
 259 308.289609   4.022347     1.404     1.339  8 57225.66613766 49.822
 260 308.292942   4.025695     1.356     1.394  8 57235.58178079 43.070
 261 308.294436   4.025353     0.751     0.779  7 57245.49741950 50.599
 262 308.295325   4.025243     0.528     0.540  7 57255.41305540 49.813
 263 308.296265   4.024577     0.700     0.809  5 57265.32868975 51.258
 264 308.296546   4.023396     1.369     1.377  4 57275.24433145 48.972
 265 308.294823   4.024087     1.443     1.408  7 57285.15998818 50.407
 266 308.293872   4.025422     1.280     1.265  8 57295.07564229 35.260
 267 308.291512   4.023716     0.610     0.624  8 57304.99129217 26.408
 268 308.287892   4.020765    -0.133    -0.070  7 57314.90693809 23.878
 269 308.285216   4.019623     0.154     0.134  6 57324.82258151 34.572
 270 308.285269   4.019070     0.498     0.593  5 57334.73822355 17.679
 271 308.289308   4.022764     1.386     1.431  8 57344.65386493 19.377
 272 308.286227   4.020350     1.388     1.415  6 57354.56951889 35.390
 273 308.286991   4.020879     0.529     0.503  6 57364.48516343 26.536
 274 308.287974   4.021627    -0.390    -0.323  7 57374.40080439 30.959
 275 308.289849   4.023355    -0.328    -0.308  8 57384.31644351 25.483
 276 308.293379   4.026146     0.866     0.858  8 57394.23208236 51.748
 277 308.296119   4.022989     2.198     2.210  5 57404.14771898 22.686
 278 308.296588   4.022586     1.605     1.592  4 57414.06336519 23.861
 279 308.294669   4.025004     1.049     1.031  7 57423.97901689 31.902
 280 308.290318   4.023878     1.423     1.516  8 57433.89466500 25.422
 281 308.285532   4.018555     0.671     0.890  6 57443.81031059 29.036
 282 308.284969   4.018068     1.574     1.821  6 57453.72595698 28.854
 283 308.287895   4.021502     2.404     2.430  7 57463.64160269 23.100
 284 308.292533   4.024393     2.147     2.110  8 57473.55724470 25.133
 285 308.295304   4.024806     1.300     1.311  7 57483.47288213 47.497
 286 308.296313   4.024181     0.537     0.556  5 57493.38851592 50.287
 287 308.298084   4.022935     0.927     0.927  2 57503.30414742 47.067
 288 308.295311   4.023587     1.120     1.184  6 57513.21979944 51.024
 289 308.293889   4.025231     2.043     2.094  8 57523.13545387 50.130
 290 308.293284   4.026041     2.092     1.963  8 57533.05110593 53.274
 291 308.291236   4.023613     1.757     1.788  8 57542.96675411 50.512
 292 308.289621   4.022931     0.657     0.642  8 57552.88240021 38.058
 293 308.288436   4.022159     0.165     0.160  7 57562.79804508 45.930
 294 308.288105   4.021223    -0.136    -0.189  7 57572.71368971 41.366
 295 308.289697   4.023044     1.461     1.429  7 57582.62933493 30.634
 296 308.291827   4.024882     2.457     2.429  8 57592.54497829 41.917
 297 308.292575   4.024756     2.143     2.144  9 57602.46061850 49.365
